2016 01 01 06 49
2016 01 10 02 37
2016 01 10 18 15
2016 01 14 03 51
2016 01 16 12 13
2016 01 21 17 53
2016 01 22 17 11
2016 02 09 06 07
2016 02 09 13 46
2016 02 14 07 42
2016 02 18 20 43
2016 02 22 23 39
2016 02 25 10 05
2016 03 03 10 32
2016 03 05 04 29
2016 03 08 20 44
2016 03 11 23 52
2016 03 12 03 12
2016 03 13 04 21
2016 04 10 11 29
2016 04 22 07 20
2016 05 02 07 03
2016 05 03 13 55
2016 05 08 00 23
2016 05 14 12 31
2016 05 28 10 28
2016 06 07 00 38
2016 06 15 01 28
2016 06 16 17 47
2016 06 20 22 59
2016 06 23 10 35
2016 07 24 14 26
2016 08 06 04 51
2016 08 08 15 07
2016 08 27 09 10
2016 09 04 09 22
2016 09 16 09 01
2016 09 17 05 08
2016 09 18 23 54
2016 09 26 19 50
2016 09 28 06 56
2016 10 04 00 09
2016 10 16 00 41
2016 10 17 12 53
2016 10 20 17 31
2016 10 21 18 37
2016 10 23 22 10
2016 10 28 08 12
2016 11 10 02 07
2016 11 21 18 02
2016 11 22 05 46
2016 11 22 11 39
2016 11 27 15 22
2016 11 28 06 52
2016 12 06 18 30
2016 12 26 05 57
