2016 01 03 03 34
2016 01 08 07 43
2016 01 08 22 59
2016 01 09 03 14
2016 01 18 04 18
2016 01 19 04 04
2016 01 22 16 45
2016 01 27 13 37
2016 02 06 02 39
2016 02 06 20 21
2016 02 14 18 42
2016 02 15 10 25
2016 02 18 02 53
2016 02 18 03 12
2016 02 19 17 09
2016 02 20 11 44
2016 02 22 06 40
2016 02 27 06 25
2016 02 27 08 36
2016 02 28 12 25
2016 03 01 01 00
2016 03 06 10 17
2016 03 08 01 10
2016 03 09 09 43
2016 03 10 15 06
2016 03 10 15 28
2016 03 11 20 41
2016 03 14 20 04
2016 03 15 22 18
2016 03 19 13 31
2016 03 21 16 53
2016 03 22 17 51
2016 03 25 13 20
2016 03 27 02 48
2016 03 27 20 57
2016 03 28 00 31
2016 04 03 08 02
2016 04 10 11 09
2016 04 19 03 28
2016 04 21 23 28
2016 05 01 18 39
2016 05 02 06 43
2016 05 02 19 54
2016 05 04 19 10
2016 05 16 19 04
2016 05 17 08 21
2016 05 22 22 25
2016 05 24 00 49
2016 06 11 10 50
2016 06 16 04 37
2016 06 17 20 12
2016 06 21 23 18
2016 06 22 21 34
2016 06 23 20 46
2016 06 28 07 23
2016 07 02 21 07
2016 07 03 04 57
2016 07 08 04 17
2016 07 11 01 15
2016 07 13 01 35
2016 07 18 06 18
2016 07 19 01 26
2016 07 24 09 37
2016 08 02 03 54
2016 08 02 23 40
2016 08 04 17 08
2016 08 05 07 59
2016 08 17 12 38
2016 08 17 22 17
2016 08 20 20 39
2016 08 21 13 58
2016 08 23 14 09
2016 08 25 09 00
2016 08 26 06 18
2016 08 28 11 26
2016 09 01 08 47
2016 09 16 02 55
2016 09 17 02 42
2016 09 17 03 58
2016 09 20 05 12
2016 10 08 13 50
2016 10 24 16 03
2016 11 01 04 23
2016 11 04 17 17
2016 11 13 07 21
2016 11 13 11 16
2016 11 25 10 09
2016 12 01 23 52
2016 12 05 16 52
2016 12 06 20 05
2016 12 10 02 32
2016 12 11 11 33
2016 12 12 02 18
2016 12 13 08 24
2016 12 19 05 54
2016 12 21 04 14
2016 12 23 20 06
2016 12 26 04 21
2016 12 26 04 36
2016 12 27 05 05
