2016 01 07 12 45
2016 01 09 12 50
2016 01 13 01 08
2016 01 23 03 42
2016 01 28 23 38
2016 02 01 14 54
2016 02 04 03 35
2016 02 05 20 16
2016 02 08 11 56
2016 02 12 08 10
2016 02 13 22 59
2016 02 14 02 42
2016 02 18 07 58
2016 02 19 22 49
2016 02 24 19 03
2016 03 01 16 10
2016 03 04 02 36
2016 03 08 13 38
2016 03 13 01 00
2016 03 14 23 53
2016 03 20 19 55
2016 03 22 07 30
2016 04 09 16 19
2016 04 13 17 32
2016 04 18 10 43
2016 04 18 20 35
2016 04 20 14 41
2016 04 22 21 46
2016 04 25 16 04
2016 05 02 14 01
2016 05 10 01 30
2016 05 22 17 33
2016 05 28 09 18
2016 06 03 07 58
2016 06 06 15 01
2016 06 07 04 57
2016 06 09 12 30
2016 06 10 02 12
2016 06 12 18 24
2016 06 15 01 33
2016 06 15 16 22
2016 06 20 10 21
2016 06 20 15 00
2016 06 20 20 46
2016 06 22 17 12
2016 06 24 18 54
2016 07 01 09 15
2016 07 06 23 31
2016 07 08 03 57
2016 07 10 11 36
2016 07 11 00 34
2016 07 13 08 15
2016 07 13 11 45
2016 07 14 21 30
2016 07 16 05 15
2016 07 26 23 48
2016 07 28 09 16
2016 08 02 00 46
2016 08 03 08 54
2016 08 10 02 32
2016 08 17 19 04
2016 08 18 00 34
2016 09 01 13 49
2016 09 01 21 42
2016 09 01 23 37
2016 09 08 14 08
2016 09 09 10 29
2016 09 10 10 20
2016 09 14 03 35
2016 09 17 15 07
2016 10 06 13 27
2016 10 07 01 40
2016 10 07 14 15
2016 10 11 01 07
2016 10 13 22 39
2016 10 18 01 23
2016 10 18 07 59
2016 10 19 03 56
2016 10 21 05 20
2016 10 22 01 01
2016 10 28 11 12
2016 11 04 15 57
2016 11 12 15 56
2016 11 13 00 43
2016 11 25 09 36
2016 12 02 23 58
2016 12 04 15 36
2016 12 05 20 15
2016 12 10 03 09
2016 12 12 01 22
2016 12 12 18 32
2016 12 16 04 58
2016 12 16 19 28
2016 12 19 05 14
2016 12 20 00 13
2016 12 20 23 31
2016 12 23 11 53
2016 12 24 21 39
2016 12 25 17 09
2016 12 25 20 30
