2016 01 03 11 40
2016 01 03 12 41
2016 01 03 16 04
2016 01 04 00 14
2016 01 04 22 57
2016 01 05 14 58
2016 01 05 16 04
2016 01 06 18 51
2016 01 06 22 41
2016 01 07 09 11
2016 01 07 19 06
2016 01 16 06 36
2016 01 16 22 54
2016 01 18 17 57
2016 01 19 07 14
2016 01 20 15 43
2016 01 24 02 31
2016 01 25 17 19
2016 01 26 20 41
2016 01 28 02 27
2016 01 28 04 50
2016 01 28 12 16
2016 02 01 08 59
2016 02 01 17 05
2016 02 03 17 19
2016 02 09 10 01
2016 02 09 13 48
2016 02 09 23 25
2016 02 10 07 31
2016 02 12 02 25
2016 02 13 16 50
2016 02 17 13 34
2016 02 17 21 53
2016 02 18 08 01
2016 02 21 02 42
2016 02 22 16 19
2016 02 24 21 48
2016 02 25 06 27
2016 02 26 02 43
2016 02 26 11 44
2016 03 01 23 16
2016 03 02 06 35
2016 03 10 13 53
2016 03 11 09 43
2016 03 13 08 25
2016 03 14 00 54
2016 03 14 12 42
2016 03 17 04 51
2016 03 17 07 50
2016 03 22 23 54
2016 03 23 07 14
2016 03 25 15 45
2016 03 26 06 00
2016 04 01 06 12
2016 04 02 03 08
2016 04 02 15 16
2016 04 05 09 18
2016 04 06 08 47
2016 04 08 02 19
2016 04 08 12 28
2016 04 09 23 09
2016 04 10 03 52
2016 04 13 03 32
2016 04 16 11 42
2016 04 17 02 06
2016 04 19 21 35
2016 04 20 01 01
2016 04 23 05 39
2016 04 26 05 42
2016 04 26 17 09
2016 05 01 03 36
2016 05 02 21 53
2016 05 07 11 19
2016 05 08 04 04
2016 05 08 09 06
2016 05 08 09 59
2016 05 11 21 12
2016 05 14 13 04
2016 05 15 04 12
2016 05 16 01 36
2016 05 16 09 13
2016 05 17 04 47
2016 05 21 19 54
2016 05 24 08 46
2016 05 25 01 52
2016 05 25 11 27
2016 05 27 14 36
2016 05 28 03 02
2016 06 01 16 50
2016 06 02 04 15
2016 06 02 15 35
2016 06 03 23 55
2016 06 07 07 22
2016 06 10 11 12
2016 06 11 11 09
2016 06 11 20 52
2016 06 13 18 50
2016 06 16 19 52
2016 06 17 17 33
2016 06 19 02 25
2016 06 19 03 31
2016 06 19 05 02
2016 06 20 16 17
2016 06 22 04 32
2016 06 25 02 07
2016 06 26 12 05
2016 06 26 17 51
2016 06 27 01 13
2016 06 27 08 25
2016 06 28 23 39
2016 07 02 04 00
2016 07 02 14 40
2016 07 02 17 25
2016 07 03 15 34
2016 07 03 19 30
2016 07 04 06 47
2016 07 06 01 29
2016 07 06 07 58
2016 07 06 20 54
2016 07 10 00 03
2016 07 12 13 33
2016 07 16 05 45
2016 07 16 10 05
2016 07 17 19 19
2016 07 20 04 57
2016 08 01 22 45
2016 08 03 05 01
2016 08 04 17 21
2016 08 05 23 50
2016 08 06 06 34
2016 08 08 20 56
2016 08 08 22 46
2016 08 12 10 44
2016 08 15 18 59
2016 08 18 07 00
2016 08 18 21 51
2016 08 19 22 11
2016 08 22 20 39
2016 09 01 14 52
2016 09 04 19 44
2016 09 06 12 16
2016 09 06 19 08
2016 09 07 16 45
2016 09 08 14 08
2016 09 11 00 31
2016 09 11 06 10
2016 09 12 12 19
2016 09 15 05 30
2016 09 15 16 17
2016 09 17 14 19
2016 09 21 02 07
2016 09 21 03 04
2016 09 22 08 30
2016 09 22 14 12
2016 09 27 08 39
2016 09 28 02 36
2016 10 02 13 49
2016 10 03 12 06
2016 10 03 19 41
2016 10 07 12 53
2016 10 10 11 27
2016 10 12 04 35
2016 10 12 21 32
2016 10 14 05 07
2016 10 14 14 37
2016 10 15 00 51
2016 10 15 04 56
2016 10 17 00 42
2016 10 22 05 36
2016 10 22 09 12
2016 10 23 22 29
2016 10 24 07 41
2016 10 25 17 38
2016 10 27 14 17
2016 10 27 20 07
2016 10 28 20 37
2016 11 07 06 06
2016 11 07 15 07
2016 11 08 08 54
2016 11 09 17 10
2016 11 13 09 32
2016 11 13 12 41
2016 11 14 02 58
2016 11 14 14 55
2016 11 23 17 35
2016 11 25 02 55
2016 11 26 05 18
2016 12 01 09 02
2016 12 04 04 55
2016 12 04 17 43
2016 12 06 12 10
2016 12 10 17 03
2016 12 11 17 29
2016 12 13 04 32
2016 12 14 20 31
2016 12 21 14 43
2016 12 24 23 10
2016 12 26 00 49
2016 12 27 04 27
2016 12 27 06 07
