2000 04 09 09 39
2000 10 04 18 28
2002 11 21 11 24
2002 12 17 23 33
2003 05 04 03 56
2003 09 26 02 17
2005 01 24 07 35
2006 03 22 18 16
2006 09 07 06 00
2008 03 03 20 52
2009 03 04 12 46
2010 06 19 20 22
2010 11 28 10 07
2013 04 05 21 22
2014 04 12 01 30
2014 11 12 09 25
2015 12 20 06 13
2017 09 06 02 56
2018 01 06 11 19
2018 07 08 12 57
2018 11 03 04 10
2021 07 08 12 50
2022 01 02 07 25
2023 01 14 15 57
2024 10 28 12 02
2025 02 13 00 54
2025 08 07 22 34
2027 01 15 19 48
2027 03 20 00 25
2028 04 27 14 45
2028 05 08 14 08
2031 02 12 23 36
2032 04 09 01 22
2032 09 15 13 21
2036 04 20 13 01
2036 09 03 00 53
2037 08 02 15 39
2038 08 11 01 30
2040 01 10 21 46
2040 03 15 17 57
2041 08 11 11 40
2043 11 15 10 12
2044 09 27 02 53
2045 01 02 18 43
2046 07 03 05 07
2047 01 13 18 51
2047 04 17 17 05
2047 05 09 06 41
2047 06 20 12 47
2047 07 16 18 50
