2016 01 09 05 13
2016 01 11 03 07
2016 01 12 19 51
2016 01 14 13 10
2016 01 20 15 51
2016 02 06 15 22
2016 02 13 13 26
2016 02 15 12 02
2016 02 20 01 47
2016 02 25 19 19
2016 03 09 02 23
2016 03 15 01 27
2016 04 09 14 53
2016 04 17 13 49
2016 04 19 11 42
2016 04 20 16 19
2016 05 05 11 11
2016 05 06 00 03
2016 05 19 16 35
2016 05 21 03 39
2016 05 25 02 08
2016 05 26 23 51
2016 06 08 00 36
2016 06 08 01 29
2016 06 13 11 16
2016 06 20 07 25
2016 06 25 21 15
2016 07 01 09 20
2016 07 05 03 53
2016 07 17 02 12
2016 08 05 12 18
2016 08 06 02 06
2016 08 06 04 09
2016 08 12 11 18
2016 08 18 14 07
2016 08 18 23 32
2016 08 26 20 00
2016 08 28 03 32
2016 09 04 16 54
2016 09 20 14 00
2016 09 21 08 55
2016 10 11 22 03
2016 10 13 02 12
2016 10 13 18 07
2016 10 15 00 49
2016 10 15 15 48
2016 10 23 18 45
2016 11 10 09 23
2016 12 01 10 43
2016 12 07 14 47
