00 03 25 15 15
00 11 21 18 38
01 02 26 20 29
01 04 05 16 19
01 08 17 13 55
01 09 25 11 14
01 12 03 20 53
01 12 19 07 56
02 02 18 08 06
02 05 15 16 22
02 07 17 16 25
02 08 02 11 06
02 11 10 20 31
03 06 18 13 32
03 08 07 04 56
04 02 23 20 20
04 04 20 06 15
04 04 25 00 48
04 07 03 11 21
04 07 26 22 26
04 07 26 23 15
04 10 02 23 08
05 07 24 06 30
05 09 08 20 05
06 08 24 20 14
07 01 02 22 56
07 03 11 14 52
07 05 14 14 20
07 06 24 07 59
07 12 16 15 00
07 12 21 00 39
08 01 22 15 22
08 02 15 07 57
08 07 28 16 48
08 09 24 02 57
08 11 08 13 41
09 01 23 12 05
09 02 23 07 51
09 05 02 15 49
09 07 05 02 35
09 11 12 08 35
10 02 26 23 39
10 08 02 17 42
11 03 15 20 02
11 08 15 20 51
11 09 22 08 39
11 10 01 15 15
12 07 26 09 41
12 08 18 13 20
13 04 10 03 49
15 01 24 05 25
15 05 18 22 32
15 11 11 20 44
16 02 19 09 36
16 08 18 16 59
17 01 11 03 39
17 02 22 21 41
17 07 14 09 40
17 07 18 17 15
17 12 26 21 47
18 02 19 14 02
18 05 18 17 27
18 06 17 02 26
18 07 04 12 25
18 08 28 21 40
18 12 12 22 25
19 04 02 05 09
19 05 27 20 12
19 08 22 13 58
19 10 03 14 06
20 01 10 17 46
20 03 07 20 57
20 07 01 10 53
20 10 14 06 18
21 02 15 04 22
21 09 13 01 12
21 12 15 09 38
22 01 23 01 58
22 02 27 15 10
22 03 09 12 07
22 04 05 08 01
22 09 09 04 21
23 04 08 14 31
23 04 12 11 23
24 06 04 18 34
25 03 10 04 54
25 05 21 22 36
25 06 18 14 21
25 07 03 20 48
25 09 05 02 46
26 07 17 00 55
26 10 27 05 28
27 04 22 11 16
27 06 12 09 00
27 06 16 22 56
27 09 24 13 58
27 11 20 15 04
27 12 10 15 22
28 03 18 07 41
28 11 22 12 35
