2016 01 01 21 16
2016 01 04 14 00
2016 01 13 02 03
2016 01 13 19 13
2016 02 04 05 02
2016 02 11 06 59
2016 02 23 17 56
2016 02 24 12 31
2016 02 28 06 55
2016 03 01 16 34
2016 03 01 17 55
2016 03 11 06 28
2016 03 16 20 22
2016 03 17 06 59
2016 03 22 19 21
2016 04 08 01 19
2016 04 11 09 58
2016 04 11 20 41
2016 04 12 01 28
2016 04 20 16 37
2016 04 28 06 26
2016 05 01 05 50
2016 05 04 11 32
2016 05 09 15 21
2016 05 27 23 49
2016 06 02 20 13
2016 06 16 16 14
2016 07 04 08 25
2016 07 09 07 05
2016 07 13 10 43
2016 07 14 05 57
2016 07 19 23 56
2016 07 23 09 50
2016 08 11 22 06
2016 08 13 20 54
2016 08 21 22 12
2016 09 21 05 03
2016 09 24 04 55
2016 10 01 14 47
2016 10 02 19 21
2016 10 17 18 27
2016 10 22 00 15
2016 11 03 08 43
2016 11 05 19 43
2016 11 09 07 07
2016 11 24 13 07
2016 11 26 07 52
2016 12 09 12 49
2016 12 11 09 35
2016 12 20 12 42
