2000 04 10 05 40
2000 05 02 01 27
2000 05 05 01 25
2000 07 25 19 40
2001 01 13 13 00
2001 04 13 13 08
2001 05 17 16 19
2001 11 19 08 34
2002 08 01 13 22
2002 08 06 22 14
2002 08 13 09 49
2003 01 09 11 13
2003 11 18 23 53
2004 02 07 23 26
2004 10 02 08 31
2005 05 05 19 46
2005 05 23 20 39
2005 05 28 12 59
2005 10 25 21 48
2005 10 27 09 11
2006 03 17 16 18
2006 07 24 21 28
2006 07 26 23 55
2006 10 21 12 34
2006 11 25 05 36
2008 01 21 21 01
2008 01 21 22 40
2008 03 15 17 26
2008 09 06 06 11
2009 05 04 07 52
2009 06 22 13 50
2009 07 12 04 43
2009 08 09 11 09
2010 01 09 11 39
2010 01 28 02 27
2010 03 10 14 33
2010 09 12 04 13
2010 10 01 02 43
2010 12 14 06 20
2011 09 22 03 25
2011 10 21 16 33
2011 12 03 09 43
2012 01 07 05 26
2012 01 11 21 55
2012 12 13 17 20
2013 02 12 19 12
2013 02 18 18 27
2013 03 26 01 19
2013 04 27 15 41
2013 05 21 17 37
2013 06 07 21 57
2013 10 17 11 30
2013 12 12 04 18
2014 08 19 05 28
2016 03 05 10 44
2016 04 06 23 39
2016 10 09 10 53
2017 01 16 19 22
2017 02 03 16 22
2017 06 01 19 16
2018 01 06 09 33
2018 03 04 19 30
2018 08 14 13 19
2018 10 01 14 05
2018 10 26 09 51
2019 04 15 07 30
2019 05 05 23 15
2019 07 08 20 08
2019 07 18 13 27
2019 08 20 16 40
2019 09 02 13 17
2019 12 14 14 10
2020 04 21 12 42
2020 04 22 09 54
2020 07 02 13 28
2020 10 16 12 57
2021 01 07 22 00
2021 02 24 18 24
2021 03 09 01 04
2021 06 17 19 38
2021 08 27 17 24
2022 03 07 07 54
2022 12 09 06 31
2022 12 15 21 20
2023 07 10 21 38
2023 12 12 22 31
2024 03 23 18 05
2024 04 06 16 13
2024 04 20 10 09
2024 06 18 10 13
2025 10 21 12 02
2026 03 17 09 03
2026 06 25 02 54
2026 08 03 16 09
2026 08 15 08 48
2027 08 28 05 39
2027 09 05 13 30
2028 02 15 12 39
2028 04 15 18 45
2028 08 04 23 07
