2016 01 02 22 21
2016 01 08 09 02
2016 01 09 04 46
2016 01 10 01 46
2016 01 12 09 56
2016 01 16 05 18
2016 01 16 18 54
2016 01 18 20 00
2016 01 25 04 11
2016 01 25 16 07
2016 02 02 15 35
2016 02 09 22 12
2016 02 13 11 24
2016 02 18 14 27
2016 02 19 23 56
2016 02 20 03 20
2016 02 20 08 16
2016 02 21 17 52
2016 03 06 18 04
2016 03 13 06 00
2016 03 16 08 44
2016 03 17 06 45
2016 03 17 07 30
2016 03 24 20 45
2016 03 26 00 35
2016 04 01 05 05
2016 04 13 08 38
2016 04 13 13 43
2016 04 16 03 06
2016 04 16 13 20
2016 04 16 18 51
2016 04 22 18 31
2016 05 07 04 00
2016 05 12 17 45
2016 05 18 09 11
2016 05 22 12 29
2016 05 22 20 13
2016 05 23 01 41
2016 05 23 23 07
2016 05 28 06 26
2016 05 28 15 26
2016 06 01 23 16
2016 06 05 14 47
2016 06 07 04 15
2016 06 08 21 46
2016 06 09 02 32
2016 06 15 12 17
2016 06 18 03 48
2016 06 19 06 26
2016 06 26 13 13
2016 07 07 12 31
2016 07 08 02 16
2016 07 10 00 23
2016 07 15 19 15
2016 07 18 21 48
2016 07 28 10 28
2016 08 02 12 41
2016 08 05 18 21
2016 08 15 13 34
2016 08 21 14 19
2016 08 23 08 28
2016 08 23 18 36
2016 09 03 12 35
2016 09 04 11 39
2016 09 05 16 27
2016 09 07 02 07
2016 09 08 07 30
2016 09 10 04 19
2016 09 13 17 53
2016 09 16 23 38
2016 09 19 09 29
2016 09 20 09 35
2016 09 24 22 50
2016 09 25 18 11
2016 09 26 03 30
2016 10 02 10 10
2016 10 06 03 08
2016 10 09 13 19
2016 10 10 22 33
2016 10 14 14 32
2016 10 16 10 50
2016 10 19 00 15
2016 10 19 04 43
2016 10 20 19 22
2016 10 23 03 21
2016 11 01 06 15
2016 11 14 16 16
2016 11 15 18 08
2016 11 23 02 21
2016 11 26 03 29
2016 12 04 15 57
2016 12 06 00 33
2016 12 12 01 37
2016 12 15 23 39
2016 12 17 09 07
2016 12 17 16 21
2016 12 18 10 20
2016 12 20 02 40
2016 12 20 07 27
2016 12 26 13 10
