2016 01 01 22 28
2016 01 02 21 47
2016 01 03 14 37
2016 01 03 22 06
2016 01 04 04 21
2016 01 05 20 33
2016 01 12 07 12
2016 01 13 15 42
2016 01 16 11 51
2016 01 20 03 27
2016 01 21 19 24
2016 01 21 23 22
2016 01 26 09 40
2016 02 08 02 20
2016 02 12 03 47
2016 02 13 23 40
2016 02 14 03 47
2016 02 21 15 53
2016 02 21 16 45
2016 02 27 02 19
2016 02 28 06 58
2016 03 04 13 13
2016 03 06 02 23
2016 03 06 10 50
2016 03 21 06 45
2016 03 23 21 33
2016 04 01 05 33
2016 04 08 04 22
2016 04 09 05 40
2016 04 10 12 53
2016 04 15 06 35
2016 04 15 14 53
2016 04 16 17 09
2016 04 23 10 21
2016 04 28 12 15
2016 05 04 08 06
2016 05 05 22 51
2016 05 06 04 52
2016 05 08 18 33
2016 05 18 21 00
2016 05 20 19 46
2016 05 21 00 18
2016 06 03 13 10
2016 06 07 18 24
2016 06 10 13 59
2016 06 13 12 14
2016 06 13 13 05
2016 06 16 17 58
2016 06 17 18 39
2016 06 17 23 40
2016 06 18 06 35
2016 06 18 08 44
2016 06 18 20 01
2016 06 21 09 21
2016 06 21 19 14
2016 07 02 01 52
2016 07 04 19 02
2016 07 11 07 41
2016 07 17 19 34
2016 07 21 04 42
2016 07 22 05 50
2016 07 23 17 03
2016 07 26 17 07
2016 07 26 17 56
2016 08 07 00 48
2016 08 17 09 28
2016 08 22 07 08
2016 08 24 04 02
2016 08 24 08 21
2016 09 02 12 42
2016 09 11 06 27
2016 09 12 06 06
2016 09 16 13 51
2016 09 19 02 17
2016 09 23 10 15
2016 09 27 00 22
2016 10 02 04 00
2016 10 15 21 28
2016 10 20 07 36
2016 10 26 20 34
2016 10 28 06 58
2016 11 04 03 24
2016 11 04 11 08
2016 11 06 16 29
2016 11 06 17 04
2016 11 08 17 02
2016 11 12 19 41
2016 11 16 09 00
2016 11 16 21 06
2016 11 20 03 09
2016 11 21 21 05
2016 11 23 02 23
2016 11 24 03 07
2016 11 25 10 57
2016 11 26 04 49
2016 12 08 14 56
2016 12 12 13 28
2016 12 12 18 47
2016 12 13 06 56
2016 12 25 21 24
